NWA Mackerel USA catch - us vessels only. total lower and upper bounds (units : metric tonnes)
1	2	
1968	2025
1	10	
6 	
3929	NA
4364	NA
4049	NA
2406	NA
2006	NA
1336	NA
1042	NA
1974	NA
2712	NA
1377	NA
1605	NA
1990	NA
2683	NA
5567.907688	NA
5207.084799	NA
6597.44122	NA
8670.313348	NA
10719.96398	NA
17297.5255	NA
19865.1319	NA
17729.36311	NA
15447.4919205675	NA
33063.3872678103	NA
30001.0417571894	NA
13978.2190332449	NA
8828.28720771595	NA
14453.9267871726	NA
8695.09521533112	NA
17930.3507238395	NA
16776.760462347	NA
15114.6285258299	NA
13355.8421800618	NA
5868.83202497146	NA
13905.5525145863	NA
27714.18218432	NA
34919.2919164672	NA
57187.372684549	NA
43674.9049115668	NA
58166.8715699319	NA
25757.7842901871	NA
23275.1572761817	NA
22767.6277633344	NA
11621.6017711149	NA
1318.93193465751	NA
5512.73600180024	NA
4392.26845660476	NA
5956.58747509371	NA
5959.10569643111	NA
6598.66711064015	NA
7524.04580747531	NA
8897.25584933567	NA
5899.39879265102	NA
8576.63458366484	NA
5914.29931950822	NA
1956	NA
3502.17912598097	NA
1713.43199561036	NA
2422.15503102609	NA
